     ID  RA         DEC    z    f24[mJy]f8[uJy] R[Vega] epoch galid
      34 259.2861  59.2281 0.646 5.420 1413.95 21.05 go2   1
      39 259.4610  58.7959 2.550 5.100  971.89 23.27 go2   2
      42 259.4937  59.4714 1.950 4.960  680.00 25.50 go1  33
      45 257.9479  58.9778 *0.800 4.840 1799.70 21.02 extra  19
      55 258.7774  58.6610 0.791 4.130  275.76 20.74 go2   3
      78 258.9091  59.4279 2.650 3.200  268.00 25.50 go1  28
     110 258.0642  58.8745 1.000 1.810  200.00 22.98 go1  42
     133 258.6404  59.3554 0.900 2.150  155.00 22.12 go1   8
     159 0  0 0 0  0 0 0    0
     168 259.4795  59.4792 0.240 1.820  486.20 20.18 go2   5
	 180 0  0 0 0  0 0 0    0
     184 0  0 0 0  0 0 0    0
     213 258.3987  59.4560 1.220 1.650  364.98 23.42 go2   7
     224 259.2324  59.4278 1.470 1.570  493.13 20.54 go2   8
	 227 0  0 0 0  0 0 0    0
     268 258.0370  59.5069 1.690 1.480  366.19 22.93 go2   9
     277 258.5863  58.9174 1.060 1.430  138.96 21.30 go2  10
     279 258.0711  58.8030 0.952 1.430  127.00 24.15 go1  34
     283 258.7428  59.4032 0.940 1.360  131.00 22.65 go1   5
     289 258.4584  58.9492 1.860 1.450   93.00 23.74 go1  12
     298 258.7033  59.4798 3.490 1.370  163.49 25.50 go2  11
     322 0  0 0 0  0 0 0    0
     324 259.3155  59.1009 0.955 1.230  271.82 20.79 go2  13
     331 258.7740  59.3056 1.030 1.320  455.40 22.04 go2  14
     350 258.9613  59.3876 0.940 1.150  159.81 22.85 go2  15
     351 0  0 0 0  0 0 0    0
     358 259.5295  59.4937 0.810 1.110   86.80 22.24 go2  17
     369 258.7118  59.4425 1.236 1.130  106.89 22.32 go2  18
     394 258.3152  59.2023 0.920 1.100  108.45 22.08 go2  19
     397 258.7744  59.1547 1.350 1.120  270.04 23.80 go2  20
     419 258.9383  59.0941 0.830 1.060  243.73 22.85 go2  21
     429 259.0493  59.2037 2.150 1.100    0.00 24.30 go1  13
     446 258.5378  59.2968 0.820 1.030  283.27 21.82 go2  22
     463 258.6884  58.9153 2.440 1.110  169.12 25.50 go2  23
	 464 0  0 0 0  0 0 0    0
     472 259.5694  59.3266 0.920 1.030   62.03 22.21 go2  24
     488 258.7994  58.8262 0.693 1.080  116.94 21.16 go2  25
     495 258.6376  58.9722 0.750 1.050  202.84 21.84 go2  26
     505 258.9971  59.4592 1.650 1.000  187.78 24.91 go2  27
     506 0  0 0 0  0 0 0    0
     509 258.5919  59.4706 2.260 0.980  136.41 25.50 go2  28
     512 259.2319  59.1795 0.990 0.900  272.03 23.21 go2  29
     521 258.4223  58.9510 2.060 1.000  129.09 25.50 go2  30
     530 258.4046  58.7770 0.890 0.910  102.29 22.18 go2  31
     532 258.8585  58.9424 1.540 0.980  185.76 22.70 go2  32
     537 259.4971  59.3656 0.387 0.940  282.17 20.51 go2  33
     542 258.1904  59.5373 0.907 0.900   93.60 22.06 go2  34
     544 258.2820  58.7369 0.976 0.910  227.19 23.03 go2  35
     546 258.0670  59.1895 1.070 0.930  119.71 22.08 go2  36
     549 259.1201  59.4891 0.947 0.980   96.82 21.54 go2  37
     562 258.1651  58.9986 0.545 1.010  281.60 20.90 go2  38
    7967 259.6321  59.8881 *0.700 8.270 1241.06 20.56 extra  21
    7985 258.3562  60.1223 2.780 4.870  947.04 22.57 go2  39
    8034 258.0428  60.3161 0.950 3.030  216.00 22.10 go1  49
    8040 258.3002  60.1445 0.759 2.880  529.60 25.50 go2  40
    8069 258.7515  59.9365 0.704 2.330  972.06 20.05 go2  41
    8071 258.1810  60.1139 0.980 2.380  782.36 22.10 go2  42
    8098 259.0333  60.1108 1.070 2.020  292.55 21.83 go2  43
    8107 259.1610  59.8290 0.939 1.840  444.18 22.17 go2  44
    8121 258.3453  60.1790 1.210 1.890  685.87 23.43 go2  45
	8135 0  0 0 0  0 0 0    0
    8157 259.6692  60.1598 1.700 1.660  563.38 25.50 go2  46
    8172 259.2048  59.8218 1.756 1.460  798.68 23.06 go2  47
    8179 259.0622  60.2257 0.590 1.530  274.19 20.87 go2  48
    8184 258.1116  59.9982 0.990 1.650  140.00 22.33 go1   7
    8185 0  0 0 0  0 0 0    0
    8192 258.2244  60.0836 3.060 1.460  214.24 23.09 go2  50
    8196 258.7926  60.1654 2.600 1.500  149.00 22.45 go1  29
    8204 258.6703  59.9719 0.849 1.390  222.55 22.83 go2  51
    8207 258.7022  59.7781 0.840 1.520   91.00 22.11 go1   4
    8224 0  0 0 0  0 0 0    0
    8226 258.0193  60.2755 2.100 1.420  206.90 20.95 go2  53
    8233 259.3814  59.6761 0.991 1.320  398.37 21.92 go2  54
    8242 258.6380  59.6531 2.450 1.310   88.00 22.72 go1  30
    8245 258.9014  59.6041 2.700 1.330    0.00 25.50 go1  31
    8251 258.0901  60.0593 1.940 1.310  249.00 23.22 go2  55
    8253 258.7824  60.2313 0.953 1.250  440.44 21.78 go2  56
    8268 259.1028  59.6312 0.800 1.240  218.00 22.36 go1  51
    8308 259.1433  60.2621 0.370 1.260  242.20 20.29 go2  57
    8311 258.8656  60.1240 1.172 1.170  229.14 22.08 go2  58
    8315 0  0 0 0  0 0 0    0
    8325 259.1821  60.3370 0.608 1.130  129.64 21.05 go2  60
	8327 0  0 0 0  0 0 0    0
    8328 259.0280  59.7486 1.020 1.140  129.53 22.33 go2  61
    8342 258.5479  60.1859 1.600 1.170  119.00 23.51 go1  15
    8360 259.2185  59.5922 1.500 1.040  120.90 22.07 go2  62
    8371 258.3544  59.7660 0.350 1.120  381.58 20.01 go2  63
    8375 258.6404  59.8727 0.870 1.160  108.18 21.50 go2  64
    8377 259.3897  59.7779 0.840 1.030   74.08 22.17 go2  65
    8384 259.1985  60.2992 0.917 1.090  340.09 22.39 go2  66
    8387 259.5117  60.2561 0.913 1.060  151.71 21.42 go2  67
    8388 258.5018  60.2359 1.140 1.050  173.11 21.42 go2  68
    8392 258.4330  59.9539 1.900 1.010  222.98 25.50 go2  69
    8400 258.3079  59.9183 1.510 1.000  243.87 20.11 go2  70
    8401 258.1603  59.7093 0.561 1.020  127.96 20.42 go2  71
    8405 258.8655  60.2920 1.162 1.050  123.08 21.28 go2  72
    8407 259.0537  60.3302 1.085 1.000  242.28 24.26 go2  73
    8409 259.4000  60.2611 0.746 1.090  100.93 21.83 go2  74
    8411 258.5139  60.2824 2.060 0.970  279.10 23.69 go2  75
    8413 258.9404  59.8656 2.180 0.970  139.39 25.50 go2  76
    8424 259.0913  59.9477 1.590 1.100   62.29 22.95 go2  77
    8430 258.3886  60.1720 0.670 0.970  235.20 22.03 go2  78
    8450 259.6080  59.8981 1.000 0.960   86.02 21.38 go2  79
    8462 258.2898  60.1377 1.010 0.990  130.55 21.64 go2  80
    8465 0  0 0 0  0 0 0    0
    8477 258.4349  60.2587 1.840 0.980  251.12 22.16 go2  82
    8479 258.2590  59.9166 1.300 0.990   70.53 24.23 go2  83
    8493 259.5211  60.1424 1.800 0.960   24.00 23.25 go1  16
    8495 258.7039  59.8941 1.280 0.940  363.68 22.79 go2  84
    8499 258.0688  59.9529 0.600 0.910  159.67 20.51 go2  85
    8507 258.3743  59.7428 0.760 0.910  112.95 20.89 go2  86
    8521 258.0789  60.1677 1.190 0.900  555.40 24.00 go2  87
    8526 259.1183  59.7396 0.840 0.920   80.70 22.44 go2  88
    8532 259.0970  59.6131 0.860 0.910   73.18 21.73 go2  89
    8543 259.5523  59.6564 0.649 0.940   81.69 20.65 go2  90
    8550 259.5608  59.9348 0.870 0.920  255.50 22.66 go2  91
   15678 260.8684  59.4964 1.340 8.100 1699.56 22.15 go2  92
   15690 259.8435  60.2489 0.850 5.660  879.13 22.20 go2  93
   15755 259.6456  59.7594 0.736 2.740  521.46 20.72 go2  94
   15771 260.0476  59.6002 2.200 2.530  387.50 24.00 go2  95
   15776 260.2111  59.5484 1.120 2.510  965.26 22.19 go2  96
   15796 259.6867  60.0073 1.450 2.260  822.86 24.16 go2  97
   15840 259.8433  60.0834 2.300 1.960  197.00 24.51 go1  41
   15871 0  0 0 0  0 0 0    0
   15880 260.3313  59.9715 1.680 1.730  118.00 25.50 go1  17
   15897 260.0705  59.4592 1.620 1.760  647.71 22.20 go2  99
   15928 259.8227  60.2555 1.520 1.530  125.00 22.39 go1   9
   15929 0  0 0 0  0 0 0    0
   15941 260.6990  60.1629 1.230 1.520  316.72 23.44 go2 100
   15949 260.2882  60.2503 2.150 1.500   89.00 22.90 go1  37
   15958 260.8511  59.4155 1.970 1.470  181.00 24.87 go1  38
   15967 259.8525  59.4830 0.579 1.450  336.48 20.93 go2 101
   15977 259.7320  59.7626 1.850 1.440  130.00 22.87 go1  44
   15999 259.8957  59.7116 0.567 1.370   83.02 22.27 go2 102
   16006 0  0 0 0  0 0 0    0
   16030 260.0013  60.2558 0.980 1.350  132.00 22.87 go1   6
   16037 260.3910  59.8464 1.640 1.260  711.59 24.31 go2 103
   16047 260.7560  59.6817 0.523 1.290  275.26 20.95 go2 104
   16059 0  0 0 0  0 0 0    0
   16066 260.3485  59.9381 1.000 1.300  515.05 22.18 go2 105
   16080 259.6868  60.0211 2.040 1.100   71.00 22.86 go1  19
   16095 0  0 0 0  0 0 0    0
   16099 259.9061  60.0236 0.950 1.240  421.14 23.11 go2 106
   16113 260.3600  60.2795 1.900 1.080   35.00 23.65 go1  20
   16118 260.5676  59.7835 2.610 1.140  146.39 25.50 go2 107
   16122 260.2147  60.0302 1.970 1.100  101.00 24.12 go1  21
   16126 0  0 0 0  0 0 0    0
   16132 0  0 0 0  0 0 0    0
   16134 260.1942  59.6285 1.200 1.170  239.63 23.44 go2 110
   16135 260.5417  59.6682 0.620 1.210  174.36 22.51 go2 111
   16144 0  0 0 0  0 0 0    0
   16152 260.2324  59.5950 1.830 1.120  264.47 23.01 go2 112
   16156 260.7366  59.5162 0.720 1.160  135.64 21.47 go2 113
   16170 260.6389  60.2540 0.320 1.090  225.14 20.52 go2 114
   16202 0  0 0 0  0 0 0    0
   16206 260.2935  60.1023 0.870 0.980  112.34 25.50 go2 116
   16219 260.0549  60.1746 2.720 1.030  315.06 22.88 go2 117
   16227 259.8341  60.2469 2.150 1.060  233.02 23.92 go2 118
   16249 260.5349  59.7651 0.530 0.990  132.44 20.47 go2 119
   16267 259.7930  60.2211 1.310 1.040  283.64 24.36 go2 120
   22196 260.6881  59.0578 0.798 4.730 1041.11 21.00 go2 121
   22204 259.6850  59.3335 2.080 4.260  478.00 22.48 go1  23
   22235 260.0718  59.2770 0.419 5.18   299.61 22.88 go2 122
   22248 260.0150  59.3188 1.198 2.980  609.73 21.98 go2 123
   22277 259.6113  58.7118 1.770 2.450  254.00 23.00 go1  24
   22303 259.7035  58.8542 2.340 2.040  103.00 25.50 go1  25
   22307 259.9642  58.7063 0.700 2.020  403.59 20.50 go2 124
   22314 259.8637  59.2602 *2.050 1.980  299.24 25.50 extra   2
   22323 260.6422  59.1671 1.210 1.930  403.67 21.60 go2 125
   22352 260.4486  58.8989 0.656 1.720  294.36 20.52 go2 126
   22356 260.0607  59.2454 1.120 1.690  333.97 23.37 go2 127
   22371 260.7520  59.1855 1.670 1.640  340.69 23.00 go2 128
   22379 259.8275  59.0118 0.650 1.580  358.03 20.87 go2 129
   22397 260.0249  59.2958 1.830 1.570  489.65 23.12 go2 130
   22404 0  0 0 0  0 0 0    0
   22417 260.7565  59.2505 1.960 1.520  296.79 22.36 go2 131
   22432 260.4034  59.2688 1.590 1.440  500.21 22.60 go2 132
   22467 259.6895  58.6538 0.800 1.320  142.00 22.26 go1  46
   22482 260.2517  58.9920 1.840 1.370   93.00 23.72 go1  36
   22516 260.3903  59.1245 1.350 1.320   97.23 22.26 go2 133
   22530 260.7639  59.2667 1.960 1.230   81.00 23.08 go1  11
   22527 0  0 0 0  0 0 0    0
   22530 0  0 0 0  0 0 0    0
   22536 260.2845  59.0211 1.590 1.280  115.13 22.10 go2 135
   22548 260.8770  58.7625 2.150 1.280  228.70 25.50 go2 136
   22549 260.5577  59.2945 1.050 1.170  427.77 23.64 go2 137
   22554 260.2491  59.1905 0.820 1.130   62.00 22.57 go1   2
   22555 260.3791  58.7136 1.880 1.190  194.08 23.71 go2 138
   22557 260.1062  59.2330 0.785 1.120   87.45 20.88 go2 139
   22558 260.1882  58.8725 3.200 1.140   60.00 23.67 go1  26
   22582 0  0 0 0  0 0 0    0
   22600 260.5764  58.6956 0.860 1.070   88.00 23.04 go1   3
   22621 260.7673  58.9514 0.590 0.990  136.88 25.50 go2 140
   22633 260.7393  59.2687 2.200 1.000  116.04 23.12 go2 141
   22634 0  0 0 0  0 0 0    0
   22635 260.2290  59.1778 0.797 1.040   50.70 22.64 go2 143
   22638 260.4780  58.9101 0.983 1.040  104.88 23.04 go2 144
   22651 259.8605  59.1583 1.730 1.070   99.00 25.50 go1  35
   22661 259.5820  59.0452 1.800 0.920   76.00 24.00 go1  48
   22663 260.8361  59.0620 0.400 0.960  257.17 23.15 go2 145
   22690 259.9541  58.9028 2.070 1.010  162.48 25.50 go2 146
   22699 260.1979  59.1375 2.590 0.940  105.00 25.50 go1  27
   22710 260.8688  58.8737 2.510 0.990  234.79 24.25 go2 147
   22722 259.6889  58.8564 1.710 0.930   84.72 23.33 go2 148
   22725 0  0 0 0  0 0 0    0
   22744 260.8882  59.1085 0.489 0.860  164.44 22.31 go2 150
12506368 260.5428  58.7714 1.160 2.310  850.41 23.64 extra   1
12506624	45.26	5.69	2.05 *82.57	9.59	170.06	23.56	299.24	33.83  0.897 0.044 1.080 0.100	
12506880	0.01	100.0	*0.01	100.0	0.01	100.0	0.01	100.0  0.01  100.0 0.01	100.0	
12507648 257.9623  58.8511 1.940 1.030  378.45 24.23 extra   4
12508160	0.01	100.0	*0.01	100.0	0.01	100.0	0.01	100.0  0.01  100.0 0.01	100.0	
12508672 258.0212  59.2524 2.350 1.220  364.44 25.50 extra   6
12508928 258.6685  58.6848 1.980 1.150   75.70 23.60 extra   7
12509184	0.01	100.0	*0.01	100.0	0.01	100.0	0.01	100.0  0.01  100.0 0.01	100.0	
12509696 260.2000  59.7224 2.210 1.530  287.02 25.50 extra   9
14016000	522.71	52.73	0.80 *818.99	82.79	1129.73	117.13	1799.70	182.12  0.01  100.0 0.01	100.0	
14016256 258.3507  58.9303 0.610 4.940 1325.42 20.69 extra  20
14016512	163.65	16.59	0.70 *258.46	26.86	507.89	52.19	1241.06	125.89  0.01  100.0 0.01	100.0	
14134528 260.1952  59.3732 0.539 1.250  222.31 20.58 extra  10
14134784 260.3239  58.8555 0.512 1.650  253.89 20.01 extra  11
14135040 260.3263  58.7671 0.555 1.680  344.96 20.21 extra  12
14135808 258.8572  60.0733 0.501 1.130  249.39 20.64 extra  13
15486976 260.368622  60.339111 1.400 1.180  217.22 21.38 extra  14
17644032 260.2105  59.2534 0.433 6.210 3705.08 20.33 extra  15
17644288 258.3813  58.9679 1.44 5.900  875.28 20.34 extra  16
19454720 260.1931  60.0417 1.750 0.940   17.40 22.82 extra  17
19456000 258.6236  59.5427 1.979 0.840    0.01 22.37 extra  18
	
