This catalog has the new SPIRE photometry, which I have inspected by eye for each source. I have deblended sources where
the beam size covered two 24 micron prior positions. I have removed fluxes where the beam size contains >2 priors, or where the flux
is too faint to take an accurate measurement (some sources dropout at 350 and 500 microns).

Column 1: MIPS ID
Column 2: S3.6 (uJy)
Column 3: dS3.6
Column 4: S4.5 (uJy)
Column 5: dS4.5
Column 6: S5.8 (uJy)
Column 7: dS5.8
Column 8: S8.0 (uJy)
Column 9: dS8.0
Column 10: S24 (mJy)
Column 11: dS24
Column 12: S70 MIPS (mJy)
Column 13: dS70
Column 14: S160 MIPS (mJy)
Column 15: dS160
Column 16: S250 (mJy)
Column 17: dS250
Column 18: S350 (mJy)
Column 19: dS350
Column 20: S500 (mJy)
Column 21: dS500
Column 22: S850 (mJy) Mambo
Column 23: dS850
Column 24: spec z (IRS)
Column 25: LIR (from Sajina et al. 2012; 3-1000)
Column 26: AGN fraction (%)
Column 27: AGN fraction error
Column 28: Intrinsic AGN fraction (Calculated without extinction)

      IRS34   445.85   45.06   680.10   68.50   980.41  100.61  1413.95  142.90  5.42  0.06   14.35   2.64    0.00  16.04   19.48   5.19    7.71   5.31  -99.00 -99.00  -99.00 -99.00  0.65    11.99  100    2  100
      IRS39    58.26    6.68   135.24   14.97   322.90   36.57   971.89  100.71  5.10  0.07   10.18   1.68    0.00  20.30   21.85   5.24   16.72   4.93   18.23   6.38   -0.14   0.65  2.55    13.28   92    3   96
      IRS42     8.00    3.00    30.00    2.00   103.00   16.00   680.00   15.00  4.96  0.06   13.18   3.39    0.00  13.94  -99.00 -99.00  -99.00 -99.00  -99.00 -99.00    0.43   0.62  1.95    13.12   99    4   99
      IRS55   189.82   19.43   144.28   15.28   174.06   20.56   275.76   30.62  4.13  0.06   59.88   8.73   72.69  19.76   41.93   6.03   14.24   4.84   11.04   5.92  -99.00 -99.00  0.79    12.51   85   11   85
      IRS78     6.00    4.00    39.00    5.00    57.00   24.00   268.00   19.00  3.20  0.06    0.00   1.30    0.00  17.12   14.84   5.30  -99.00 -99.00  -99.00 -99.00   -0.25   0.62  2.65    13.19  100    7  100
     IRS110    44.00    4.00    44.00    2.00    72.00   19.00   200.00   15.00  1.81  0.06   12.12   3.31    0.00  12.28  -99.00 -99.00  -99.00 -99.00  -99.00 -99.00   -0.42   0.55  1.00    12.27   93   12   94
     IRS133    58.00    7.00    54.00    4.00    56.00   22.00   155.00   17.00  2.15  0.06   19.93   3.08    0.00  10.49   15.87   5.34    5.10   5.14   -3.53   6.29    0.01   0.57  0.90    12.23   95    3   95
     IRS168    96.38   10.78    95.50   11.18    80.37   16.12   486.20   52.04  1.82  0.06   65.40   9.20   71.35  20.20   29.46   5.51   19.04   4.99   13.20   7.05  -99.00 -99.00  0.24    11.28   58   10   86
     IRS213    34.27    3.91    65.62    7.39   140.67   16.92   364.98   38.82  1.65  0.06    4.40   1.76    0.00  15.18   11.96   5.02   14.41   5.23   14.06   5.81  -99.00 -99.00  1.22    12.17   93    7   92
     IRS224   149.59   15.96   248.68   26.05   276.50   35.12   493.13   52.70  1.57  0.06    3.90   1.32    0.00   8.47   25.08   5.15   13.23   4.96    5.67   6.98  -99.00 -99.00  1.47    12.54   98    7   98
     IRS268    59.74    7.03   116.90   12.49   187.65   25.23   366.19   39.27  1.48  0.06    5.32   2.13    0.00  11.00   23.84   5.01   25.06   5.84   14.27   6.35  -99.00 -99.00  1.69    12.60   92    6   90
     IRS277   134.44   14.18   105.35   11.14    76.72   14.71   138.96   16.33  1.43  0.06    6.78   1.65    0.00   9.76   19.00   5.82   12.06   5.36    8.98   6.18  -99.00 -99.00  1.06    12.10   66    6   66
     IRS279    51.00    8.00    53.00    7.00    85.00   16.00   127.00   16.00  1.43  0.07   12.36   1.82    0.00  12.97   28.08   5.09   28.10   5.13  -99.00 -99.00    0.31   0.50  0.95    12.36  100    2  100
     IRS283   117.00    2.00   111.00    3.00   148.00   23.00   131.00   10.00  1.36  0.06   10.62   2.82    0.00  14.37   47.30   6.12   28.86   5.37    7.96   5.80  -99.00 -99.00  0.94    12.28   23    3   23
     IRS289    66.00    4.00    71.00    5.00   106.00   16.00    93.00   20.00  1.45  0.06   10.06   2.52    0.00  12.47   48.66   5.42   45.95   4.92   31.15   5.64    2.28   0.35  1.86    13.10   37    3   39
     IRS298     0.00    2.16     0.00    3.52    41.24   12.81   163.49   21.65  1.37  0.06   12.54   3.14    0.00  13.59   16.51   4.73    8.63   5.19    6.87   6.19  -99.00 -99.00  3.49    13.42   93    4   93
     IRS324   171.89   18.16   211.08   22.36   286.88   35.58   271.82   31.99  1.23  0.06    6.84   1.71   41.85  17.48   22.23   5.49   13.77   4.59    9.53   6.83  -99.00 -99.00  0.95    12.11   60    8   60
     IRS331   161.78   17.16   200.08   21.29   270.88   32.92   455.40   49.03  1.32  0.07    7.93   1.88    0.00  13.07  -99.00 -99.00  -99.00 -99.00  -99.00 -99.00  -99.00 -99.00  1.03    12.07  100    9  100
     IRS350   102.47   10.82    86.16    9.98   100.29   14.54   159.81   21.93  1.15  0.06   20.87   2.34    0.00  18.30   41.43   5.27   26.70   5.52    8.23   5.32  -99.00 -99.00  0.94    12.53   62    8   71
     IRS358   108.53   11.54    76.28    8.35    81.70   13.78    86.80   11.67  1.11  0.05   19.68   3.44   73.01  14.99  -99.00 -99.00  -99.00 -99.00  -99.00 -99.00  -99.00 -99.00  0.81    12.33    0    0    0
     IRS369    94.49   10.18    93.80   10.67    58.66   11.81   106.89   17.32  1.13  0.06    0.00   1.30   74.17  26.28  149.47   5.37  131.44   5.30   84.78   5.56  -99.00 -99.00  1.24    13.37  100    5  100
     IRS394   133.99   14.02   105.29   12.10    69.15   12.59   108.45   17.36  1.10  0.06   13.51   3.29    0.00  32.50   67.06   4.71   46.92   5.11   18.81   5.88  -99.00 -99.00  0.92    12.46    0    0    0
     IRS397    65.20    7.69    74.21    8.62   138.12   20.88   270.04   30.12  1.12  0.06   10.66   2.00    0.00  16.02   12.74   5.80  -99.00 -99.00  -99.00 -99.00  -99.00 -99.00  1.35    12.47   91    1   83
     IRS419    33.12    4.56    42.64    5.97    83.79   16.62   243.73   29.65  1.06  0.06    0.00   0.00    0.00  12.09    8.30   5.08  -99.00 -99.00  -99.00 -99.00  -99.00 -99.00  0.83    11.57   87    5   93
     IRS429    18.00    7.00     6.00    5.00   -99.00  -99.00   -99.00  -99.00  1.10  0.06    9.47   2.67    0.00  12.13   28.85   5.01   14.07   5.10   11.67   5.92    1.03   0.57  2.15    12.83   54    4   84
     IRS446   142.73   14.78   140.69   14.69   175.62   21.20   283.27   30.78  1.03  0.06    8.93   2.79    0.00  14.09   26.04   6.53   19.28   5.39    3.39   5.90  -99.00 -99.00  0.82    12.00  100    1  100
     IRS463    44.35    6.03    58.25    7.43    78.91   16.06   169.12   21.41  1.11  0.06    4.66   1.71    0.00  13.83   37.41   5.04   52.16   5.36   35.50   6.66  -99.00 -99.00  2.44    13.38   80    9   80
     IRS472    70.73   15.98    41.74   13.12   -99.00  -99.00    62.03   12.62  1.03  0.06   18.36   3.33    0.00  16.26   36.64   5.03   33.03   5.03   13.11   5.90  -99.00 -99.00  0.92    12.44    0    0    0
     IRS488   119.18   12.69    88.27   10.06    98.38   16.43   116.94   16.42  1.08  0.06   13.00   1.84    0.00  22.70   54.33   4.88   36.69   5.23   19.88   5.31  -99.00 -99.00  0.69    12.14   14    2   14
     IRS495   159.33   16.92   155.58   16.92   171.36   23.88   202.84   25.06  1.05  0.06    0.00   1.60    0.00  13.94   14.69   5.39   18.87   5.02   13.01   5.50  -99.00 -99.00  0.75    11.42  100    5  100
     IRS505    17.18    2.82    31.48    5.37    63.07   11.47   187.78   23.76  1.00  0.06    0.00   1.70    0.00  11.30   16.46   5.64    9.95   5.35   10.71   6.58  -99.00 -99.00  1.65    12.35   94    4   92
     IRS509     0.00    2.29    17.27    3.93   -99.00  -99.00   136.41   20.02  0.98  0.06    0.00   1.30    0.00  11.21  -99.00 -99.00  -99.00 -99.00  -99.00 -99.00  -99.00 -99.00  2.26    12.43   77    2   85
     IRS512   117.73   12.70   162.65   17.36   173.37   24.03   272.03   31.15  0.89  0.06    4.79   1.62    0.00  10.25   12.38   5.18   16.78   6.03   13.08   5.38  -99.00 -99.00  0.99    12.29   78    2   82
     IRS521    64.47    7.38    75.84    8.36    93.74   19.59   129.09   18.70  1.00  0.06    0.00   2.90    0.00  20.23   43.36   5.13   38.81   4.84   27.47   6.20  -99.00 -99.00  2.06    13.02   40    8   40
     IRS530   120.36   12.74   123.81    8.61   179.19   21.18   102.29   16.13  0.91  0.06   10.56   1.99    0.00  13.06   37.55   5.68   22.70   5.23   11.54   6.21  -99.00 -99.00  0.89    12.24    0    0    0
     IRS532    51.47    6.65    56.86    7.48    62.89   15.11   185.76   23.06  0.98  0.06   14.59   2.22    0.00  13.39   21.69   5.11   23.18   4.87   20.41   8.17  -99.00 -99.00  1.54    12.79   97    9   98
     IRS537    88.74   10.07   113.58   12.62    48.60   14.13   282.17   32.48  0.94  0.06   13.59   1.73    0.00  11.67   23.06   4.86    9.59   5.02    9.78   6.20  -99.00 -99.00  0.39    11.31    0    0    0
     IRS542   119.65   13.04   108.06   12.13    87.15   16.79    93.60   15.38  0.90  0.05   10.38   2.93    0.00  10.28   28.62   5.01   27.57   5.66   10.79   8.27  -99.00 -99.00  0.91    12.04    0    0    0
     IRS544    49.04    5.79    67.71    8.18    74.20   13.41   227.19   28.17  0.91  0.06    0.00   1.10    0.00  14.32   11.44   4.67    6.58   4.96    5.06   5.96  -99.00 -99.00  0.98    11.70   85    1   88
     IRS546   172.53   18.12   141.83   15.01   102.98   17.68   119.71   15.85  0.93  0.06   12.04   3.10   79.75  21.68   52.23   5.43   49.58   5.67   31.51   6.28  -99.00 -99.00  1.07    12.60    0    0    0
     IRS549    80.16    9.10    62.82    7.77    82.56   15.34    96.82   16.50  0.98  0.05    4.58   1.38    0.00  12.84   16.74   5.52   18.73   5.02   16.78   5.71  -99.00 -99.00  0.94    11.90   26    1   26
     IRS562   214.03   43.77   165.52   24.76   140.20   21.84   281.60   31.23  1.01  0.06   14.47   2.72   63.26  18.30   78.17   5.45   44.83   4.80   18.24   5.89  -99.00 -99.00  0.55    11.91   23    1   21
    IRS7985   168.59   17.47   269.13   28.06   493.08   53.04   947.04   98.50  4.87  0.06   12.26   2.63    0.00  20.69   60.55   5.10   60.17   5.27   53.43   5.60  -99.00 -99.00  2.78    13.66  100    2  100
    IRS8034    56.00    5.00    64.00    7.00   131.00   23.00   216.00   13.00  3.03  0.06   15.93   2.88    0.00  14.66   26.11   5.68   10.32   5.22    8.73   5.93    0.74   0.62  0.95    12.31   95    3   95
    IRS8040   -99.00  -99.00   357.68   36.50   352.07   41.73   529.60   54.91  2.88  0.07   31.92   5.15  109.90  22.09   72.50   4.97   43.17   5.65   22.29   6.53  -99.00 -99.00  0.76    12.46   38    3   46
    IRS8069   386.88   39.23   545.33   54.79   695.03   72.60   972.06   97.77  2.33  0.03    5.47   1.77    0.00   8.80  -99.00 -99.00  -99.00 -99.00  -99.00 -99.00    0.21   0.63  0.70    11.73  100    3  100
    IRS8071   120.84   12.98   216.93   22.90   368.76   41.87   782.36   82.35  2.38  0.06    0.00   1.20    0.00  12.81    9.52   5.49  -99.00 -99.00  -99.00 -99.00  -99.00 -99.00  0.98    12.18   99    4   99
    IRS8098   167.80   17.78   194.53   20.19   189.12   25.28   292.55   31.93  2.02  0.06   11.06   3.02    0.00  12.81   41.88   5.39   29.19   5.29  -99.00 -99.00  -99.00 -99.00  1.07    12.43   78    9   78
    IRS8107   104.12   10.57   132.82   13.53   217.80   23.15   444.18   44.95  1.84  0.03    9.94   2.13   25.28   9.52   18.18   5.17   15.46   5.41    8.81   6.00    0.70   0.60  0.94    12.07   88    7   90
    IRS8121   153.41   31.45   258.67   41.20   481.36   53.84   685.87   73.06  1.89  0.06   17.89   2.85    0.00  13.10   29.11   5.02   26.55   6.05   24.41   5.14  -99.00 -99.00  1.21    12.61   93    6   94
    IRS8157   142.95   15.30   189.55   19.87   226.44   30.06   563.38   58.53  1.66  0.06    5.60   1.69    0.00  15.30   21.92   5.76   16.06   5.21   14.74   5.65  -99.00 -99.00  1.70    12.47   99    5   97
    IRS8172   -99.00  -99.00   -99.00  -99.00   473.12   53.21   798.68   83.06  1.46  0.03    5.58   1.40    0.00   8.09  -99.00 -99.00  -99.00 -99.00  -99.00 -99.00  -99.00 -99.00  1.76    12.65  100    5  100
    IRS8179   123.51   13.39   138.78   14.89   243.57   31.46   274.19   30.78  1.53  0.06    0.00   1.20    0.00  14.04  -99.00 -99.00  -99.00 -99.00  -99.00 -99.00  -99.00 -99.00  0.59    11.39  100    2  100
    IRS8184   104.00    2.00    82.00    4.00    82.00   21.00   140.00   21.00  1.65  0.06   11.24   2.98   61.55  19.07   55.82   5.31   41.01   4.78  -99.00 -99.00    0.72   0.62  0.99    12.44   54    3   63
    IRS8192    52.27    5.88    63.08    7.18    86.64   13.70   214.24   24.88  1.46  0.06    0.00   1.20    0.00  16.69   17.89   4.86   19.27   4.62  -99.00 -99.00  -99.00 -99.00  3.06    13.37   94    2   95
    IRS8196    81.00    6.00    61.00    6.00    74.00   20.00   149.00   27.00  1.50  0.06    5.98   1.69    0.00  12.47  -99.00 -99.00  -99.00 -99.00  -99.00 -99.00    0.99   0.43  2.60    13.16   93    9   95
    IRS8204   163.09   16.81   152.04   15.81   154.18   21.11   222.55   24.82  1.39  0.03   12.14   2.54    0.00  16.74   31.71   4.88   12.33   4.85    4.30   5.89  -99.00 -99.00  0.85    12.25   27    3   27
    IRS8207   118.00    5.00    81.00    9.00    95.00   30.00    91.00   18.00  1.52  0.03   22.92   3.31   36.73  13.41   52.68   5.45   42.56   5.43   21.28   6.62  -99.00 -99.00  0.84    12.39   49    1   49
    IRS8226    30.25    4.35    72.79    8.28   144.57   22.16   206.90   23.93  1.42  0.06    0.00   1.30    0.00  13.35   20.93   5.61  -99.00 -99.00   17.28   6.25  -99.00 -99.00  2.10    12.81   69    3   72
    IRS8233   142.96   14.44   198.81   20.24   270.01   28.20   398.37   40.46  1.32  0.03    0.00   0.80    0.00   6.14  -99.00 -99.00  -99.00 -99.00  -99.00 -99.00  -99.00 -99.00  0.99    11.96  100    3  100
    IRS8242    50.00    4.00    43.00    3.00    48.00    9.00    88.00   17.00  1.31  0.03    6.10   1.84    0.00  11.54   30.76   5.21   31.15   4.94   36.24   5.62    2.52   0.52  2.45    13.19   94    3   97
    IRS8245   -99.00  -99.00     9.00    4.00   -99.00  -99.00   -99.00  -99.00  1.33  0.03    0.00   1.60    0.00   9.15   12.66   4.92   16.49   5.10    9.94   6.32   -0.49   0.46  2.70    12.75   96    7   96
    IRS8251    28.23    4.20    44.48    5.85    59.61   14.83   249.00   28.79  1.31  0.06    9.82   1.92    0.00  12.45   13.92   4.97   15.45   5.55   13.44   6.04  -99.00 -99.00  1.94    12.82  100    5  100
    IRS8253   113.37   12.42   114.40   12.72   154.12   22.28   440.44   47.03  1.25  0.06   15.72   3.63   39.40  19.35   37.01   5.66   21.34   5.01    8.76   5.12  -99.00 -99.00  0.95    12.43   89    2   93
    IRS8268    95.00    2.00    87.00    3.00    95.00    7.00   218.00   14.00  1.24  0.03    0.00   1.10    0.00   7.63  -99.00 -99.00  -99.00 -99.00  -99.00 -99.00   -0.45   0.78  0.80    11.60  100    5  100
    IRS8308    89.40   10.13    95.97   10.76    67.85   15.48   242.20   27.99  1.26  0.06    9.90   2.71    0.00  17.14   20.52   5.53   19.64   4.76   18.55   5.64  -99.00 -99.00  0.37    11.11    0    0    0
    IRS8311   100.40   11.15   100.17   11.30    89.61   17.70   229.14   28.48  1.17  0.06   14.01   2.87    0.00  13.48   35.63   5.07   28.63   4.95   10.92   6.87  -99.00 -99.00  1.17    12.60   49    9   50
    IRS8325    69.78    8.01    62.94    7.56    84.89   16.82   129.64   18.08  1.13  0.06   15.17   3.59    0.00  22.35   28.74   4.78   10.47   5.49    6.21   6.83  -99.00 -99.00  0.61    11.78   33    1   31
    IRS8328    95.46    9.71    89.89    9.36    76.93    9.34   129.53   14.07  1.14  0.03    7.56   1.89    0.00   8.69   17.44   6.23   18.32   4.60   14.93   6.18  -99.00 -99.00  1.02    12.13   75    8   75
    IRS8342    40.00    6.00    57.00    4.00    53.00   12.00   119.00   19.00  1.17  0.06   12.89   1.80    0.00  10.63   46.11   5.66   39.24   4.81   28.25   5.84    0.98   0.52  1.60    12.93   74    9   74
    IRS8360    96.69    9.84   106.98   11.21    88.11   10.46   120.90   13.19  1.04  0.03    7.97   1.63   23.56   8.88   18.87   5.05   22.59   4.78  -99.00 -99.00  -99.00 -99.00  1.50    12.44   71    7   72
    IRS8371   176.82   39.22   205.18   19.56   131.52   18.42   381.58   24.53  1.12  0.06   15.84   2.62    0.00  17.68   42.44   6.15   22.16   5.26   16.65   4.98  -99.00 -99.00  0.35    11.29    0    0    0
    IRS8375   143.54    4.73   144.55    5.94    72.61   16.04   108.18   12.17  1.16  0.03   19.80   3.16    0.00  15.96  -99.00 -99.00  -99.00 -99.00  -99.00 -99.00  -99.00 -99.00  0.87    12.42   48    7   48
    IRS8377   101.72   33.12    76.81   22.43    89.87    9.84    74.08    8.36  1.03  0.03    8.42   1.99   38.91  11.02   25.55   5.72   16.33   5.27   10.91   6.78    0.72   0.57  0.84    12.05    0    0    0
    IRS8384   232.31   23.68   238.75   24.55   242.80   27.71   340.09   36.39  1.09  0.06    7.31   2.20    0.00  19.29  -99.00 -99.00  -99.00 -99.00  -99.00 -99.00  -99.00 -99.00  0.92    12.13   61    9   61
    IRS8387   280.07   28.79   201.09   21.23   190.83   26.17   151.71   20.53  1.06  0.06    0.00   1.13    0.00   9.88   35.32   5.15  -99.00 -99.00  -99.00 -99.00  -99.00 -99.00  0.91    12.20    0    0    0
    IRS8388   112.41   12.34   130.55   14.21   113.40   18.89   173.11   21.61  1.05  0.06    9.59   1.51    0.00  10.69   17.52   5.52   17.10   4.80    6.72   6.43  -99.00 -99.00  1.14    12.33   48    6   48
    IRS8392    15.54    2.68    23.06    4.31    63.72   12.59   222.98   26.82  1.01  0.06    0.00   0.90    0.00  13.98   16.90   5.30    8.21   5.16    3.56   6.13    0.86   0.41  1.90    12.36  100    1  100
    IRS8400   115.54   12.63   125.13   13.98   165.31   23.30   243.87   29.66  1.00  0.06    0.00   1.60    0.00  14.21   10.14   5.03  -99.00 -99.00  -99.00 -99.00  -99.00 -99.00  1.51    12.20   92    4   92
    IRS8401   122.16   12.99    88.90    9.65   132.70   18.65   127.96   16.72  1.02  0.06   29.76   4.36   48.25  18.78   44.46   5.11   20.62   5.43   13.98   6.06  -99.00 -99.00  0.56    11.96    0    0    0
    IRS8405   144.30   15.47   160.93   17.43   108.58   18.50   123.08   18.49  1.05  0.06   23.16   4.07    0.00  18.29   40.53   4.64   31.65   5.05   22.38   6.01  -99.00 -99.00  1.16    12.71   41    6   41
    IRS8407    54.28    6.44    83.29    9.65   124.26   18.56   242.28   28.45  1.00  0.06   10.32   1.94    0.00  12.30   11.40   5.02   11.30   4.71  -99.00 -99.00  -99.00 -99.00  1.09    12.27  100    6  100
    IRS8409   105.47   11.65    80.54    9.68    75.47   16.06   100.93   16.00  1.09  0.06    9.09   2.05    0.00  15.39   31.15   5.08   21.67   4.90   14.93   5.69  -99.00 -99.00  0.75    11.98   37    3   37
    IRS8411    48.35    6.32    90.79    9.82   104.98   18.00   279.10   30.21  0.97  0.06    0.00   1.30    0.00  11.67   29.57   4.92   38.13   5.38   30.81   6.81  -99.00 -99.00  2.06    12.87   85    8   85
    IRS8413    22.00    2.33    31.47    3.88    73.71    8.48   139.39   15.00  0.97  0.03    0.00   1.60    0.00   6.32   16.78   5.02    8.56   5.08    3.09   6.25  -99.00 -99.00  2.18    12.88   89    9   91
    IRS8424    44.74    5.68    56.62    6.17    53.55   12.66    62.29    8.09  1.10  0.04   19.08   3.24   42.91  10.84   62.01   5.88   54.62   6.68   33.31   6.94  -99.00 -99.00  1.59    12.91  100    6  100
    IRS8430    95.86    6.92   106.44   12.23   119.91   18.54   235.20   28.80  0.97  0.06   24.24   4.08    0.00  23.24   20.42   4.73   10.79   5.50    4.96   7.71  -99.00 -99.00  0.67    11.94   10    2    7
    IRS8450   124.69   12.62    88.52    9.23    69.97    8.86    86.02   10.11  0.96  0.03    7.85   1.86    0.00  12.59   44.83   5.34   32.59   4.93   20.48   6.07  -99.00 -99.00  1.00    12.38    0    0    0
    IRS8462    90.68   10.24    73.86    8.29    53.33   14.76   130.55   17.05  0.99  0.06    0.00   1.80    0.00   9.67   28.42   5.35   22.58   5.34  -99.00 -99.00  -99.00 -99.00  1.01    12.29   74    8   79
    IRS8477    91.94   10.20    83.99    9.72   124.57   19.46   251.12   30.27  0.98  0.06    0.00   1.90    0.00  11.71   22.05   5.42   30.25   5.19   28.62   6.70  -99.00 -99.00  1.84    12.50   70    5   69
    IRS8479    19.60    3.16    23.42    4.35   -99.00  -99.00    70.53   15.05  0.99  0.06   18.48   3.04    0.00   9.64   11.79   5.41    9.03   5.54    7.23   5.63  -99.00 -99.00  1.30    12.60   81    2   86
    IRS8493    39.00    6.00    48.00    5.00    62.00   16.00    24.00   14.00  0.96  0.06    0.00   1.40    0.00  13.28   50.79   4.97   37.46   4.89   29.70   5.39    0.94   0.52  1.80    12.73   35    3   45
    IRS8495    99.99   10.65   127.14   13.16   212.34   24.36   363.68   37.01  0.94  0.03   13.32   2.20    0.00  12.29   32.45   5.66   14.78   4.81  -99.00 -99.00  -99.00 -99.00  1.28    12.51   74    2   77
    IRS8499   261.15   26.89   192.58   19.85   159.32   20.76   159.67   18.75  0.91  0.06   12.87   3.41    0.00  21.30   55.35   5.07   27.23   5.29    9.85   5.85  -99.00 -99.00  0.59    11.91   17    6   17
    IRS8507   150.53   15.83   113.38   12.85   148.32   20.77   112.95   17.66  0.91  0.06    4.97   1.36    0.00  10.98   33.74   5.44   25.08   5.42   18.06   7.67  -99.00 -99.00  0.76    11.98   21    3   21
    IRS8521   107.63   11.74   169.34   18.02   243.40   29.62   555.40   58.17  0.89  0.06    8.62   1.89    0.00  14.41   34.79   5.37   17.38   4.93   10.93   5.80  -99.00 -99.00  1.19    12.51   65    6   76
    IRS8526   131.54   13.30    98.37   10.36    88.00   10.40    80.70    9.47  0.92  0.03   10.02   1.78   36.98   8.75   41.79   5.26   43.45   5.04   25.13   5.52  -99.00 -99.00  0.84    12.11    0    0    0
    IRS8532    93.09    9.48    69.91    7.27    62.78    8.23    73.18    8.45  0.91  0.03    5.13   1.60   19.31   8.07   22.86   5.04   11.39   4.89    4.12   6.27  -99.00 -99.00  0.86    11.84   54    1   56
    IRS8543    96.26    9.79    73.90    7.78    82.25    9.99    81.69    9.64  0.94  0.03   14.70   4.26   53.82  16.81  -99.00 -99.00  -99.00 -99.00  -99.00 -99.00    3.50   1.15  0.65    12.03   16    1   16
    IRS8550    76.07    8.90    59.22    6.41    72.46   15.92   255.50   26.42  0.92  0.04    6.02   1.70    0.00  10.63   24.03   4.78  -99.00 -99.00  -99.00 -99.00  -99.00 -99.00  0.87    12.00   81    4   91
   IRS15678   339.94   14.09   612.16   62.33   972.36  102.59  1699.56  172.59  8.10  0.07   25.80   4.49   45.67  18.40   40.09   5.54   28.22   5.26   15.06   6.95  -99.00 -99.00  1.34    13.19  100    0  100
   IRS15690   125.43   13.59   149.11   16.26   277.33   34.80   879.13   91.62  5.66  0.07   19.33   3.36    0.00  16.39   15.19   5.17  -99.00 -99.00  -99.00 -99.00    0.89   0.52  0.85    12.24   95    3   95
   IRS15755   262.02   26.28   272.71   27.57   403.93   41.03   521.46   53.01  2.74  0.03   16.80   2.73   35.71  10.56   47.77   5.06   29.34   4.90   20.80   6.28  -99.00 -99.00  0.74    12.12   35    4   35
   IRS15771    20.30    3.22    38.17    4.83   111.11   17.97   387.50   41.31  2.53  0.03    4.82   1.32    0.00   6.71   20.67   5.24   16.92   4.97   17.71   7.02  -99.00 -99.00  2.20    13.01  100    4  100
   IRS15776   204.85   21.46   328.04   33.78   607.20   65.96   965.26   99.85  2.51  0.06   23.24   4.46    0.00  44.90   43.37   4.80   48.86   5.47   34.88   5.61    0.81   0.54  1.12    12.65   89    4   90
   IRS15796   191.27   19.50   313.15   31.99   520.39   53.99   822.86   84.72  2.26  0.06    0.00   2.30    0.00  13.37   17.51   4.88   15.38   5.21   10.14   6.12  -99.00 -99.00  1.45    12.69   90    4   85
   IRS15840    19.00    2.00    25.00    2.00    62.00   19.00   197.00   13.00  1.96  0.06    0.00   1.90    0.00  13.64   10.28   5.23    8.99   4.82    7.72   5.43   -0.08   0.57  2.30    13.02  100    7  100
   IRS15880    63.00    5.00    65.00    4.00    59.00   17.00   118.00   22.00  1.73  0.05   20.04   3.54    0.00  12.11   31.42   5.15   25.34   5.05   15.01   6.02    2.06   0.53  1.68    13.02   87    1   96
   IRS15897   129.81   13.60   223.88   23.63   380.52   42.56   647.71   67.63  1.76  0.05   11.84   2.60    0.00  10.03    9.13   5.18    7.06   5.58    4.96   6.10  -99.00 -99.00  1.62     0.00  100    5  100
   IRS15928    39.00    3.00    51.00    4.00    58.00   22.00   125.00   26.00  1.53  0.06   14.70   3.01    0.00  16.39   39.05   5.09   34.76   4.94   18.81   5.40   -0.04   0.56  1.52    12.86   81    4   81
   IRS15941    52.93    6.80    97.88   14.91   162.59   20.81   316.72   30.03  1.52  0.06    0.00   4.00    0.00   9.68   10.97   5.12   11.40   5.76    0.40   6.37  -99.00 -99.00  1.23    12.44   94    8   94
   IRS15949    27.00    4.00    30.00    3.00    33.00   10.00    89.00   11.00  1.50  0.06    9.79   1.70    0.00  10.01   35.91   6.02   30.33   5.13   23.63   5.65    1.24   0.51  2.15    13.13   91    5   86
   IRS15958    21.00    4.00    44.00    3.00    81.00   25.00   181.00   17.00  1.47  0.06    9.49   2.77    0.00  10.43   31.94   5.28   21.39   5.25   17.73   5.32    1.28   0.50  1.97    13.04   96    0   95
   IRS15967   147.29   15.72   160.62   16.88   219.37   28.07   336.48   36.19  1.45  0.05    7.51   1.73    0.00  11.11    9.56   5.45   10.18   5.46    7.78   6.78  -99.00 -99.00  0.58    11.52  100    8  100
   IRS15977    58.00    3.00    61.00    4.00    69.00   17.00   130.00   22.00  1.44  0.03   19.32   3.44   64.39  11.82   50.16   5.34   47.73   5.15   23.59   5.93    1.38   0.53  1.85    13.22   94    6   88
   IRS15999    34.51    5.13    40.90    5.89    53.63    7.63    83.02   16.14  1.37  0.03   16.17   3.31    0.00   9.39    9.31   5.35    5.45   5.05  -99.00 -99.00  -99.00 -99.00  0.57    11.69   52    4   48
   IRS16030    84.00    4.00    72.00    2.00    95.00   17.00   132.00   20.00  1.35  0.06    0.00   1.70    0.00  17.48   19.09   4.97   25.29   5.30   11.95   6.07    0.09   0.69  0.98    12.20   70    7   70
   IRS16037    89.93    9.51   214.60   22.66   388.51   42.28   711.59   73.83  1.26  0.06   14.09   2.60    0.00   9.88   30.39   5.29   19.73   5.07    8.25   5.62  -99.00 -99.00  1.64    12.75  100    4  100
   IRS16047   164.13   17.05   167.92   18.10   209.62   26.16   275.26   32.35  1.29  0.06    9.86   2.40    0.00  18.47   22.13   5.07   17.97   5.14    6.22   6.22  -99.00 -99.00  0.52    11.34   73    9   78
   IRS16066   185.14   19.56   171.02   17.92   211.73   28.01   515.05   54.83  1.30  0.06    7.55   1.74    0.00  10.11   22.92   5.86   11.87   4.85   11.94   6.24  -99.00 -99.00  1.00    12.17   76    6   83
   IRS16080    28.00    4.00    32.00    7.00    39.00   24.00    71.00   24.00  1.10  0.06    7.08   2.71    0.00  13.37   15.34   5.50   18.97   5.18   13.27   5.75    0.69   0.54  2.04    12.71   81    5   81
   IRS16099    74.18    8.43   129.68   14.46   225.71   28.81   421.14   45.80  1.24  0.06   13.15   2.89    0.00  10.55   18.22   5.12  -99.00 -99.00  -99.00 -99.00  -99.00 -99.00  0.95    12.19   78    1   79
   IRS16113    23.00    3.00    17.00    3.00    56.00   16.00    35.00   12.00  1.08  0.06    0.00   2.40    0.00   6.89    8.66   5.95    6.29   4.69    7.12   6.06    0.72   0.52  1.90    12.70   56    0   68
   IRS16118    52.30    6.76    35.63    5.13   -99.00  -99.00   146.39   19.79  1.14  0.06    0.00   1.10    0.00  15.00   12.88   4.99   14.03   4.51    9.69   7.23  -99.00 -99.00  2.61    13.15   96    7   97
   IRS16122    17.00    4.00    34.00    9.00    31.00   16.00   101.00   15.00  1.10  0.06    0.00   2.20    0.00  12.53   18.28   5.02   10.61   4.79    4.21   6.02    0.00   0.60  1.97    12.85   88    9   93
   IRS16134    28.48    4.20    52.11    6.11   101.30   18.74   239.63   26.76  1.17  0.05    5.29   1.54    0.00   9.35   30.38   4.83   33.03   5.02   23.92   6.15  -99.00 -99.00  1.20    12.50   84    5   84
   IRS16135    53.87   17.33    60.91   11.92    96.40   17.68   174.36   22.20  1.21  0.06    5.72   1.17    0.00  15.92   16.48   5.35    8.86   5.03    5.46   5.14  -99.00 -99.00  0.62    11.59   83    7   87
   IRS16152    44.16    5.63    70.44   10.82    99.94   17.77   264.47   30.79  1.12  0.06    4.10   1.28    0.00   8.78    5.89   5.23   13.77   4.88    4.48   6.20  -99.00 -99.00  1.83    12.67   71    1   80
   IRS16156   128.32   35.98   101.54   22.40    61.79   15.05   135.64   18.56  1.16  0.06    0.00   4.10    0.00  16.55   15.70   5.68    7.11   4.82    5.42   5.99  -99.00 -99.00  0.72    12.00   67    9   74
   IRS16170    99.33   10.93    91.65   10.83    38.77   13.91   225.14   27.44  1.09  0.06   19.94   4.17    0.00  18.89   19.41   5.01   15.69   4.85  -99.00 -99.00  -99.00 -99.00  0.32    11.24    0    0    0
   IRS16206    94.51   10.43   147.68   15.74    82.14   15.41   112.34   15.87  0.98  0.06    6.84   1.76   48.73  15.88  -99.00 -99.00  -99.00 -99.00  -99.00 -99.00  -99.00 -99.00  0.87    12.20   46    8   46
   IRS16219    58.42    6.95   110.48   12.33   165.73   23.53   315.06   35.97  1.03  0.06    6.32   1.98    0.00  11.03   18.02   5.16   14.52   5.20    8.54   6.03  -99.00 -99.00  2.72    13.15   95    8   93
   IRS16227    40.26    5.05    63.28    7.78   109.39   18.94   233.02   28.03  1.06  0.06    0.00   1.90    0.00  16.39   17.41   5.39   14.33   5.31  -99.00 -99.00  -99.00 -99.00  2.15    12.94   79    8   79
   IRS16249    54.30    5.85    60.67    7.26    36.74    9.56   132.44   17.92  0.99  0.06   19.43   3.15    0.00  12.67   23.31   5.08    7.63   4.91    3.94   5.80  -99.00 -99.00  0.53    11.70    8    6    8
   IRS16267    47.93    5.55    93.40   11.03   155.00   20.13   283.64   33.34  1.04  0.06    9.73   1.42    0.00   9.70  -99.00 -99.00  -99.00 -99.00  -99.00 -99.00  -99.00 -99.00  1.31    12.48   83    6   87
   IRS22196   215.83   19.58   358.90   29.89   618.28   66.13  1041.11  106.53  4.73  0.06   37.44   5.81   79.20  22.96   47.82   4.99   38.16   5.57   21.56   6.11  -99.00 -99.00  0.80    12.49   96    4   96
   IRS22204    20.00    9.00    39.00    6.00   132.00   15.00   478.00    8.00  4.26  0.06   14.39   3.01    0.00  11.74   15.56   5.36   18.65   4.91   11.59   7.24    0.27   0.51  2.08    13.07   89    4   93
   IRS22235   583.61   58.84   401.25   40.96   281.52   32.55   299.61   33.14  5.18  0.07   69.72   9.84   36.70  23.28  -99.00 -99.00  -99.00 -99.00  -99.00 -99.00  -99.00 -99.00  0.42     0.42   92    1   92
   IRS22248   114.41   12.35   180.47   19.15   321.17   38.11   609.73   64.85  2.98  0.07   11.14   1.72    0.00  21.57   14.95   4.99   16.26   5.11    5.85   6.38  -99.00 -99.00  1.20    12.39  100    4  100
   IRS22277    69.00    3.00    67.00    4.00   142.00   16.00   254.00    9.00  2.45  0.06   11.63   3.08    0.00  10.73   27.18   4.61   19.95   5.00    9.57   5.88    0.86   0.56  1.77    12.91   84    8   88
   IRS22303    10.00    4.00    11.00    4.00   -99.00  -99.00   103.00   13.00  2.04  0.06    5.27   1.36    0.00  10.84   10.46   5.23    5.40   4.86    9.06   6.82   -1.05   0.64  2.34    12.96   93    1   97
   IRS22307   171.85   17.67   197.73   21.02   254.92   29.52   403.59   44.14  2.02  0.06   13.68   2.34    0.00  13.26   19.76   5.59   14.00   4.58   -0.92   5.38  -99.00 -99.00  0.70    11.88   58    6   58
   IRS22323   251.74   25.89   230.79   24.27   238.64   28.83   403.67   44.19  1.93  0.07   14.65   2.55    0.00  17.19   36.06   4.77   25.27   5.24   20.64   6.47  -99.00 -99.00  1.21    12.69   81    6   81
   IRS22352   228.76   23.80   218.54   22.65   229.48   30.77   294.36   32.67  1.72  0.06   16.26   3.25    0.00  14.50   58.08   5.50   24.23   5.06   13.38   9.14  -99.00 -99.00  0.66    12.00    7    0    7
   IRS22356   110.79   12.20   127.26   13.94   200.68   26.50   333.97   37.09  1.69  0.06   16.02   2.40    0.00  16.01   27.41   5.15   19.36   5.19   12.10   6.82  -99.00 -99.00  1.12    12.52   83    1   84
   IRS22371    72.39    8.39   115.88   12.82   173.89   23.84   340.69   37.06  1.64  0.06   11.94   2.00    0.00  16.94   34.19   5.55   30.20   4.96   26.92   7.62  -99.00 -99.00  1.67    12.99   81    7   82
   IRS22379   227.35   23.37   176.63   18.42   256.67   29.89   358.03   38.27  1.58  0.06    5.28   1.13    0.00  15.20   10.11   5.19  -99.00 -99.00  -99.00 -99.00  -99.00 -99.00  0.65    11.53   85    1   87
   IRS22397    99.55   11.11   169.92   17.67   284.43   35.03   489.65   50.67  1.57  0.06    8.81   1.38    0.00  21.23   15.80   4.79   22.17   4.74   14.66   5.78    0.39  0.72   1.83    12.76   92    6   92
   IRS22417    57.75    6.40    86.91    9.51   162.47   20.50   296.79   31.87  1.52  0.06   10.87   3.28    0.00   9.95   22.13   4.96   27.15   5.11   14.90   6.61  -99.00 -99.00  1.96    12.99   70    7   81
   IRS22432    84.78    9.50   146.59   16.04   261.14   32.26   500.21   53.33  1.44  0.06   11.90   2.82   62.79  22.24   83.49   5.09   57.91   5.73   28.66   6.24  -99.00 -99.00  1.59    13.13   56    5   71
   IRS22467    59.00    9.00    41.00    5.00    32.00   16.00   142.00   25.00  1.32  0.06   11.94   2.99    0.00  14.96   14.67   5.27   14.64   5.01    5.91   6.26   -0.73   0.70  0.80    12.05  100    4  100
   IRS22482    39.00    2.00    48.00    3.00    55.00   19.00    93.00   26.00  1.37  0.06   15.29   2.00   47.29  15.83   55.65   5.75   44.81   5.73   25.81   6.42    1.46   0.59  1.84    13.24   51    2   51
   IRS22516    67.71    8.14    68.96    8.14    66.99   15.50    97.23   14.40  1.32  0.06    6.83   1.87    0.00   8.25   20.67   5.07    8.32   4.95    1.82   6.24  -99.00 -99.00  1.35    12.41   87    5   87
   IRS22530    43.00    5.00    52.00    5.00    43.00   11.00    81.00   12.00  1.23  0.06    0.00   2.30   46.60  15.19   48.92   4.97   43.76   5.29   33.19   5.46    2.11   0.56  1.96    13.05   21    5   49
   IRS22536   109.55   11.61   157.67   16.93    69.47   12.47   115.13   15.57  1.28  0.06   19.68   3.35    0.00  13.64   64.62   5.19   47.39   4.82   35.39   6.46  -99.00 -99.00  1.59    13.13   80    9   86
   IRS22548     9.22    2.85    36.64    5.40    45.84   13.02   228.70   27.43  1.28  0.06    0.00   2.10    0.00  11.02  -99.00 -99.00  -99.00 -99.00  -99.00 -99.00  -99.00 -99.00  2.15    12.79   64    2   73
   IRS22549    81.64    8.79   134.21   14.82   231.97   27.92   427.77   46.35  1.17  0.06    0.00   0.70    0.00  14.94  -99.00 -99.00  -99.00 -99.00  -99.00 -99.00  -99.00 -99.00  1.05    12.27   84    6   86
   IRS22554   100.00    1.00    79.00    3.00    67.00   13.00    62.00   15.00  1.13  0.07   16.50   3.04    0.00  15.08   41.93   5.27   20.17   4.63   10.03   5.61  -99.00 -99.00  0.82    12.04   42    5   44
   IRS22555    78.42    9.07   104.84   12.06   152.27   22.04   194.08   25.70  1.19  0.06    0.00   2.20    0.00  16.90   25.80   5.34   23.41   5.08   25.05   5.74  -99.00 -99.00  1.88    12.92  100    2  100
   IRS22557   128.81   13.53    86.08    9.93    63.23   12.57    87.45   15.99  1.12  0.06    0.00   0.00    0.00  13.89   23.80   5.30   13.04   5.30    6.98   5.92  -99.00 -99.00  0.79    12.05   48    6   48
   IRS22558    16.00    4.00    14.00    7.00   -99.00  -99.00    60.00   16.00  1.14  0.06    0.00   2.67    0.00  10.65   31.90   5.30   20.66   4.95   19.32   6.97    1.73   0.48  3.20    13.42   91    4   93
   IRS22600    94.00    2.00    59.00    8.00    47.00   13.00    88.00   20.00  1.07  0.06   15.02   4.11    0.00  16.39   39.24   5.14   26.75   5.12   22.56   5.26  -99.00 -99.00  0.86    12.30   29    0   26
   IRS22621    18.29    3.33    23.92    3.62    62.56   15.65   136.88   17.15  0.99  0.06    0.00   2.00    0.00  13.39  -99.00 -99.00  -99.00 -99.00  -99.00 -99.00  -99.00 -99.00  0.59    11.77   85    5   86
   IRS22633    59.72    7.36    76.99    9.48    62.81   15.10   116.04   17.84  1.00  0.06   10.40   3.51    0.00  10.05   44.43   4.90   38.03   5.98   16.42   5.43  -99.00 -99.00  2.20    13.46   71    5   71
   IRS22635    49.79    5.39    31.02    4.96    37.22    8.74    50.70   13.72  1.04  0.06   22.32   3.77    0.00  15.08   27.25   6.05   16.75   4.89   16.40   5.91  -99.00 -99.00  0.80    12.17   38    1   33
   IRS22638    67.92    8.12    57.65    7.26   -99.00  -99.00   104.88   18.06  1.04  0.06    0.00   2.10    0.00  10.43   20.27   5.05  -99.00 -99.00  -99.00 -99.00  -99.00 -99.00  0.98    12.14   68    4   70
   IRS22651    92.00    4.00   110.00    4.00    94.00   16.00    99.00   10.00  1.07  0.06    6.10   1.31   43.99  11.57   47.35   5.57   43.90   6.04   24.55   5.81    2.18   0.54  1.73    12.93   57    2   58
   IRS22661    37.00    2.00    30.00    2.00    12.00    9.00    76.00   19.00  0.92  0.06    0.00   1.90    0.00  20.75  -99.00 -99.00  -99.00 -99.00  -99.00 -99.00    0.65   0.56  1.80    12.62   87    4   87
   IRS22663    39.26    5.51    58.22    6.75   110.97   18.67   257.17   29.10  0.96  0.06    0.00   1.80    0.00  12.84  -99.00 -99.00  -99.00 -99.00  -99.00 -99.00  -99.00 -99.00  0.40    11.44   54    3   54
   IRS22690    23.29    3.31    37.37    5.04    73.59   13.22   162.48   20.36  1.01  0.06    4.94   1.81    0.00  11.69   15.12   5.25  -99.00 -99.00   15.75   6.29  -99.00 -99.00  2.07    12.71   83    8   86
   IRS22699     9.00    5.00    18.00    4.00   -99.00  -99.00   105.00   13.00  0.94  0.06    0.00   2.10    0.00  11.54   15.89   4.97   15.59   5.17    8.34   6.86   -0.32   0.63  2.59    12.81   90    2   92
   IRS22710    30.34    3.99    53.45    6.47   105.15   16.50   234.79   27.35  0.99  0.06    5.18   1.33    0.00   7.30   26.82   6.09   16.81   4.95   15.89   7.13  -99.00 -99.00  2.51    12.93   90    2   85
   IRS22722     7.63    2.28    17.85    3.09    37.29   11.51    84.72   15.76  0.93  0.06    5.10   1.15    0.00  10.84   13.25   5.25   14.06   5.42   11.59   5.98    0.27   0.44  1.71    12.60   77    8   80
   IRS22744    37.79    5.02    57.18    7.24    71.22   15.54   164.44   22.25  0.86  0.06    0.00   1.30    0.00  18.34   11.50   5.71   11.10   5.47    5.62   5.46  -99.00 -99.00  0.49    11.66  100    7  100
IRS12506368   110.04   12.13   206.62   21.67   381.54   44.39   850.41   87.06  2.31  0.06    0.00   2.00    0.00   9.39    8.59   5.47    6.62   5.17   17.22   6.32  -99.00 -99.00  1.16    12.40   96    6   89
IRS12506624    45.26    5.69    82.57    9.59   170.06   23.56   299.24   33.83  1.98  0.06    0.00   0.80    0.00  15.65   41.28   5.36   35.15   4.54   14.32   5.98    1.70   0.55  2.05    13.23   76    1   83
IRS12507648    68.14    7.85   116.87   12.47   205.87   26.98   378.45   40.07  1.03  0.06    0.00   3.10    0.00  11.80   28.78   5.54   24.74   5.49   27.68   5.45  -99.00 -99.00  1.94    13.15   78    4   85
IRS12508672    59.84    6.68   100.87   11.41   197.46   23.96   364.44   39.99  1.22  0.06    0.00   1.80    0.00  14.99   46.53   5.70   43.73   5.36   32.30   5.88  -99.00 -99.00  2.35    13.32   89    2   91
IRS12508928    21.30    3.10    26.60    5.50    39.30    9.90    75.70   17.80  1.15  0.06   10.62   2.73    0.00  13.59   31.48   5.07   23.40   4.83   10.66   5.78  -99.00 -99.00  1.98    13.05   90    7   87
IRS12509696    10.10    3.10    26.88    4.66   114.60   17.82   287.02   32.75  1.53  0.04   12.24   2.50   39.67  10.38   38.81   5.17   26.59   5.13   18.87   5.62    2.76   0.66  2.21    13.25   93    9   95
IRS14016000   522.71   52.73   818.99   82.79  1129.73  117.13  1799.70  182.12  4.84  0.07   18.46   3.78   31.90  14.22   23.56   5.62   10.41   5.34   11.20   7.42    0.16   0.65  0.80    12.18   92    2   87
IRS14016256   200.32   20.54   430.80   43.70   709.56   73.62  1325.42  133.89  4.94  0.07   12.94   2.99    0.00  12.14    8.69   4.99   12.25   5.04   19.30   6.25  -99.00 -99.00  0.61    11.82   88    8   88
IRS14016512   163.65   16.59   258.46   26.86   507.89   52.19  1241.06  125.89  8.27  0.04   32.52   4.69   31.20  13.34  -99.00 -99.00  -99.00 -99.00  -99.00 -99.00    0.22   0.51  0.70    12.25   94    5   95
IRS14134528   159.49   16.74   142.74   15.40   143.94   23.25   222.31   26.91  1.25  0.06    5.80   2.32    0.00  13.20   14.34   4.76    8.96   4.71    4.89   7.75  -99.00 -99.00  0.54    11.62   83    1   83
IRS14134784   177.83   18.39   172.32   18.07   181.12   22.80   253.89   28.90  1.65  0.06   27.12   4.60   49.03  21.52   40.14   5.18   20.67   4.75   18.50   5.73  -99.00 -99.00  0.51    11.76   69    1   69
IRS14135040   200.14   20.97   226.67   31.56   240.67   31.56   344.96   38.68  1.68  0.06    0.00   2.60    0.00  13.55   33.29   4.68   18.52   4.82   15.20   5.45  -99.00 -99.00  0.56    11.48   70    7   70
IRS14135808   120.67   13.18   118.68   13.36    87.44   20.23   249.39   30.09  1.13  0.06   13.12   3.48   56.42  17.07   38.34   4.95   26.98   5.11   16.18   5.93  -99.00 -99.00  0.50    11.71    0    0    0
IRS15486976    32.47    4.51    32.45    5.03   -99.00  -99.00   217.22   26.27  1.18  0.06   67.92  10.37    0.00  11.16   16.53   5.04    7.86   5.38    2.96   6.01  -99.00 -99.00  1.40    12.77  100    2  100
IRS17644032   254.49   25.96   714.91   72.36  1587.61  161.42  3705.08  372.18  9.41  0.07   12.11   2.87    0.00   7.93   23.33   5.21   15.03   5.11    3.97   5.00  -99.00 -99.00  1.44    13.05   64    9   75
IRS17644288   256.51   26.33   269.75   28.52   395.52   45.49   875.28   91.34  5.90  0.07  222.72  30.88  328.57  46.43  158.46   5.10   82.27   5.05   43.73   5.43  -99.00 -99.00  0.44    12.51   96    2   93
IRS19454720    13.20    5.50    25.20    4.52   -99.00  -99.00   -99.00  -99.00  0.94  0.06   17.01   2.67    0.00  25.11   44.24   4.97   32.55   4.90   17.25   6.68    1.11   0.53  1.75    13.05   57    1   56
IRS19456000    41.60    5.30    46.26    6.20   -99.00  -99.00   -99.00  -99.00  0.84  0.05   12.05   2.31   39.43  15.89   61.14   5.10   51.74   5.17   27.22   5.54    1.99   0.32  1.98    13.27   25    9   25
